Jio Sponsored Pokemon Go Gyms’ Coordinates
Jammu,32.709193,74.892738
Chandigarh,30.705298,76.800209

30.695106,76.849977

Dehradun

30.364205,78.070059

Haridwar

29.947644,78.075726

Bhatinda

30.226799,74.955029

Sri Ganganagar

29.90889,73.881184

Karnal, Haryana

29.692253,76.992968

Panipat

29.390969,76.969276

Rohtak

28.894204,76.597794

Meerut

28.947844,77.675848

Udham Singh Nagar

29.001697,79.399399

Bareilly

28.394658,79.456859

Alwar

28.201298,76.847814

Siliguri

26.738577,88.433998

Guwahati

26.157356,91.777939

Shillong

25.57659,91.882137

Delhi Area

28.612647,76.989027

28.579613,77.05618

28.511502,77.041849

28.463838,77.064859

28.49636,77.09004

28.502545,77.097394

28.701798,77.134828

28.540874,77.155148

28.469687,77.307237

28.464548,77.508091

28.654003,77.436794

28.574249,77.353391

28.567951,77.326453

28.634564,77.369515

28.645088,77.334813

28.660642,77.297599

Including Ghaziabad, Faridabad & Noida.

Jaipur

26.854351,75.766833

Ajmer

26.480966,74.631311

Jodhpur

26.28031,73.01926

Kota

25.136946,75.855243

Udaipur

24.612701,73.703042

Agra

27.201081,78.008744

Kanpur

26.473115,80.353121

Allahabad

25.451955,81.833955

Lucknow Area

26.798107,80.896894

26.850253,80.941934

26.846315,80.987676

26.870075,80.997689

Patna

25.605464,85.075812

Gaya

24.791572,84.999721

Asansol

23.684943,86.941536

Durgapur

23.556244,87.274327

Bardhaman

23.241323,87.868216

Kolkata Area

22.763222,88.369866

22.71983,88.487457

22.629079,88.434395

22.615496,88.412078

22.584861,88.490379

22.579323,88.459951

22.562832,88.32334

22.552359,88.353433

22.532463,88.353289

22.518864,88.365286

22.516415,88.348762

22.516528,88.348967

22.519214,88.36516

22.518864,88.365286

22.473917,88.361438

22.461661,88.306539

22.456916,88.3057

Maldah

25.00417,88.132958

Dhanbad

23.821005,86.469861

Bokaro

23.664548,86.147378

Ranchi

23.363054,85.325401

Sundargarh

22.227646,84.820374

Cuttack

20.462655,85.910926

Bhubaneshwar

20.351153,85.825241

20.26802,85.843724

Bilaspur

22.09376,82.12537

Raipur

21.255208,81.646378

21.241442,81.684186

Bhilai

21.217859,81.322534

Gwalior

26.209944,78.166636

Jabalpur

23.124048,79.927532

Indore

22.721125,75.87846

Bhopal

23.185624,77.417641

23.182662,77.455865

Ahmedabad

23.040026,72.531003

Vadodara

22.295088,73.164772

Rajkot

22.279342,70.777073

Jamnagar

22.471225,70.049334

22.36956,69.843561

Bhavnagar

21.74893,72.136949

Surat

21.193772,72.798583

21.144701,72.757598

Nashik

19.99062,73.762478

19.960663,73.828358

Aurangabad

19.865795,75.349779

Sangli

16.860438,74.569847

Kolhapur

16.698867,74.23127

Pune

18.591102,73.747511

18.596899,73.790473

18.561619,73.806913

18.554158,73.809801

18.561698,73.916567

18.551006,73.9376

18.518285,73.934649

18.50382,73.900686

18.504433,73.833276

Mumbai Area

19.455463,72.804064

19.295864,72.848856

19.223841,72.849995

19.184813,72.83479

19.115477,72.834367

19.088699,72.83765

19.055985,72.833404

19.012878,72.828053

18.99459,72.823817

18.967583,72.819806

19.061645,72.859967

19.054016,72.886575

19.085742,72.888119

19.107916,72.883693

19.099953,72.917238

19.203175,72.964826

19.208333,72.971111

19.221868,72.977218

19.23486,73.122471

19.226848,73.162517

19.165715,73.075101

19.125509,73.013654

19.012081,73.035488

18.993325,73.115488

Hyderabad

17.495967,78.33836

17.483283,78.393336

17.481928,78.414327

17.504396,78.478226

17.476721,78.563879

17.4365,78.367185

17.455547,78.498778

17.441436,78.499711

17.423687,78.461525

17.408222,78.439188

17.404745,78.4071

17.360964,78.427235

17.43042,78.553273

17.402048,78.571948

17.401573,78.48577

17.390108,78.490447

17.373925,78.502397

17.405065,78.514859

17.397968,78.534028

17.368005,78.53962

17.36346,78.557755

17.328876,78.553995

17.322683,78.579811

Bengaluru

12.926722,77.514153

12.926885,77.551185

12.961189,77.509893

12.96587,77.534805

12.954823,77.567305

12.93878,77.58497

12.910284,77.586176

12.87927,77.595336

13.026575,77.592872

13.031784,77.569896

13.011729,77.554786

12.997666,77.544167

12.991239,77.571231

12.98893,77.593027

12.974178,77.617082

12.96379,77.641363

12.936425,77.62806

12.911754,77.643208

12.914322,77.677302

12.949864,77.699135

12.86538,77.656476

13.06313,77.55942

13.06355,77.591241

13.045635,77.626537

13.023264,77.636484

13.013457,77.66186

12.993234,77.662061

12.996457,77.696764

12.986791,77.736484

12.979313,77.728368

Chennai

13.11503,80.103167

13.043653,80.120686

12.951332,80.139596

12.875204,80.227126

13.122551,80.145988

13.125514,80.205209

13.108742,80.244543

13.083636,80.170519

13.08709,80.217791

13.035315,80.212533

13.039436,80.234127

13.058507,80.253759

13.038172,80.26805

13.081496,80.244996

13.068871,80.267144

13.066601,80.270331

13.007157,80.251042

13.007198,80.249872

12.974663,80.258341

12.990826,80.216375

12.956269,80.187133

Some More

8.728356,77.717995-Tirunelveli Katabbo,Tamil Nadu
9.601185,76.531444-Chavittuvari, Kerala
9.918214,78.125308-Anna Nagar, Madurai
9.91901,78.148564-Anna Nagar, Madurai
9.938221,78.136132-Anna Nagar, Madurai
11.258626,75.785099-Kozhikode, Kerala
11.008292,76.959985-Coimbatore,Tamil Nadu
11.02442,77.01065-Coimbatore,Tamil Nadu
11.333681,77.705413-Thindal,Tamil Nadu
11.67526,78.132323-Pallapatti,Tamil Nadu
12.297907,76.66489-Ittigegudu,Karnataka
12.332888,76.623813-Kumbara Koppalu, Karnataka
13.337777,77.10552-Kyatasandra,Tumakuru, Karnataka
12.934343,79.146847-Sathuvachari, Vellore,Tamil Nadu
12.871178,74.842709-Dongerkeri,Mangaluru taluk,Karnataka
