41.84846,123.37976,1
41.84683,123.37379,2
41.84133,123.37733,3
41.83981,123.37316,4
41.83555,123.37643,5
41.83267,123.37432,6
41.83112,123.37321,7
41.82518,123.36929,8
41.81965,123.38784,9
41.82911,123.39443,10
41.82745,123.39444,11
41.82482,123.39827,12
41.82951,123.40613,13
41.83212,123.40595,14
41.83413,123.40618,15
41.83926,123.40572,16
41.84417,123.40865,17
41.83933,123.41148,18
41.83685,123.41404,19
41.82986,123.41365,20
41.83684,123.41406,21
41.83932,123.41149,22
41.83684,123.41404,23
41.83777,123.41862,24
41.84996,123.42128,25
41.84755,123.42151,26
41.84466,123.42144,27
41.83451,123.41888,28
41.83466,123.42199,29
41.83235,123.42295,30
41.82886,123.42411,31
41.82915,123.43105,32
41.82332,123.43207,33
41.82637,123.44369,34
41.82812,123.44576,35
41.83136,123.44721,36
41.83311,123.46091,37
41.83895,123.45661,38
41.83907,123.45568,39
41.78671,123.39897,40
41.78321,123.39863,41
41.78343,123.40104.42
41.78349,123.40881.43
41.78221,123.41993.44
41.78698,123.41541.45
41.78897,123.41779.46
41.78971,123.41152.47
41.79097,123.43205.48
41.78065,123.42782.49
41.77913,123.43119.50
41.77909,123.43121,51
41.77705,123.43513,52
41.77659,123.43274,53
41.77049,123.42752,54
41.76901,123.43699,55
41.76729,123.44012,56
41.76681,123.43941,57
41.76569,123.43885,58
41.76595,123.42876,59
41.76263,123.42981,60
41.75978,123.42939,61
41.75657,123.43001,62
41.75496,123.43001,63
41.75338,123.43185,64
41.74421,123.42391,65
41.74468,123.42198,66
